Epoch: 0 Train Loss: 30.775570392608643 Val Loss 23.328684329986572 Train Correct 1152 Val Correct 416 Train-Accuracy: 0.03544833528217121 Val-Accuracy: 0.020509786520731647
Epoch: 1 Train Loss: 27.92669701576233 Val Loss 23.706706047058105 Train Correct 2160 Val Correct 598 Train-Accuracy: 0.06646562865407102 Val-Accuracy: 0.029482818123551743
Epoch: 2 Train Loss: 27.232932806015015 Val Loss 23.06427526473999 Train Correct 2497 Val Correct 663 Train-Accuracy: 0.07683549756908117 Val-Accuracy: 0.032687472267416064
Epoch: 3 Train Loss: 26.834969520568848 Val Loss 22.55963897705078 Train Correct 2789 Val Correct 790 Train-Accuracy: 0.08582066588713151 Val-Accuracy: 0.038948873440812506
