Epoch: 0 Train Loss: 30.159037590026855 Val Loss 24.457242488861084 Train Correct 1401 Val Correct 593 Train-Accuracy: 0.04311034525201551 Val-Accuracy: 0.029236306266331412
Epoch: 1 Train Loss: 26.067452669143677 Val Loss 19.034518480300903 Train Correct 3386 Val Correct 2749 Train-Accuracy: 0.1041910271401317 Val-Accuracy: 0.1355322190997387
